$ANSIBLE_VAULT;1.1;AES256
36613135313839336265313961393038633938386162333030323432336166363132343530633938
6138643033306663626638653038383761336639306262300a646362633466383633346438383465
37646464363531663163383665663161626439396134623564353330323533356364316431373265
6638643730373330650a386133626130313630613961306662373065653461323537393039333063
38656239343732336264383631653165356337393264393631323065666539616233646631626134
33613738386530316539393537653262393863333764393461363038656461613230303861326366
66353534646131633266366231383662383139366130393161653164663463633465323835626337
64616438623236373962393732353139306630386539326130393662633734336366366135336462
38313437613732393864663230633437373639316538626664383265343337383332373762653637
61343465376639356335646231363538303364643832663135643061303531353033613234353166
32623430356637663035633662306337663238313561376463373138343465333862626666396231
35636337373632303666613135626139646137646238396430353166376531633165613862366530
37373738363764373364656165306438303533363963313733306136343930313662383863393163
36356562383362313130333837626564336332653763333362346632393636303537373561353133
36623135393761373731626634353164663266643236653762616335353765343031636532613265
30333465643837323061393732326134663838373466333633336234646336303265363962626434
66663030333865616562316362623832666133323230396334386634326239643733633432343832
31626263633532353565316261613334316666316561363233306466383231303761386463633261
39343265646162346263626661666165313634376238623136333238646339363263616236646430
32366431663931313263663762643635626538636531313734633964346436646561643534616630
33383561346433653731373636353735616232396236316632313163613830396330386636353537
65343261373761346639353964396330336630376136373338666662303139306663333037353232
61653334323166636334333631633736613931346237653138626237393236626139386337323639
61353861383132373331663261303633653039356632643730306238373036663535323137663865
39656638353864323932346339343266333439666438363332306531653537343637326230633531
33383035663532333361643861613365343636656163386365646666666365626539636561616433
61383038653938323164643066323837383761313661623861323733626636613466393263356335
63336364383435653038393535346433623830316164333465353733636131663436626264366132
61393530323536666136316432363366613637613766663131373461656462316164
